steer, throttle, brake, reverse 
0.12101178616285324, 0.699999988079071, 0.0, False 
0.12368541210889816, 0.699999988079071, 0.0, False 
0.12443777918815613, 0.699999988079071, 0.0, False 
0.12480053305625916, 0.699999988079071, 0.0, False 
0.12517671287059784, 0.699999988079071, 0.0, False 
0.12588877975940704, 0.699999988079071, 0.0, False 
0.12625153362751007, 0.699999988079071, 0.0, False 
0.12660086154937744, 0.699999988079071, 0.0, False 
0.12697705626487732, 0.699999988079071, 0.0, False 
0.12798471748828888, 0.699999988079071, 0.0, False 
0.12879084050655365, 0.699999988079071, 0.0, False 
0.12915360927581787, 0.699999988079071, 0.0, False 
0.12991942465305328, 0.699999988079071, 0.0, False 
0.13069868087768555, 0.699999988079071, 0.0, False 
0.1311151683330536, 0.699999988079071, 0.0, False 
0.13190783560276031, 0.699999988079071, 0.0, False 
0.13235118985176086, 0.699999988079071, 0.0, False 
0.13278110325336456, 0.699999988079071, 0.0, False 
0.13373497128486633, 0.699999988079071, 0.0, False 
0.1345141977071762, 0.699999988079071, 0.0, False 
0.1348903775215149, 0.699999988079071, 0.0, False 
0.13566960394382477, 0.699999988079071, 0.0, False 
0.13607265055179596, 0.699999988079071, 0.0, False 
0.13682499527931213, 0.699999988079071, 0.0, False 
0.13722804188728333, 0.699999988079071, 0.0, False 
0.13763108849525452, 0.699999988079071, 0.0, False 
0.13842375576496124, 0.699999988079071, 0.0, False 
0.13881336152553558, 0.699999988079071, 0.0, False 
0.13920298218727112, 0.699999988079071, 0.0, False 
0.1396060287952423, 0.699999988079071, 0.0, False 
0.1404121220111847, 0.699999988079071, 0.0, False 
0.14077486097812653, 0.699999988079071, 0.0, False 
0.14113759994506836, 0.699999988079071, 0.0, False 
0.14187651872634888, 0.699999988079071, 0.0, False 
0.1422123908996582, 0.699999988079071, 0.0, False 
0.14293786883354187, 0.699999988079071, 0.0, False 
0.1433006227016449, 0.699999988079071, 0.0, False 
0.14364992082118988, 0.699999988079071, 0.0, False 
0.14437541365623474, 0.699999988079071, 0.0, False 
0.14471128582954407, 0.699999988079071, 0.0, False 
0.14508745074272156, 0.699999988079071, 0.0, False 
0.14581294357776642, 0.699999988079071, 0.0, False 
0.14620254933834076, 0.699999988079071, 0.0, False 
0.14699521660804749, 0.699999988079071, 0.0, False 
0.14739826321601868, 0.699999988079071, 0.0, False 
0.14780130982398987, 0.699999988079071, 0.0, False 
0.1486208289861679, 0.699999988079071, 0.0, False 
0.14901044964790344, 0.699999988079071, 0.0, False 
0.14940005540847778, 0.699999988079071, 0.0, False 
0.15019270777702332, 0.699999988079071, 0.0, False 
0.150568887591362, 0.699999988079071, 0.0, False 
0.15095850825309753, 0.699999988079071, 0.0, False 
0.1516302525997162, 0.699999988079071, 0.0, False 
0.15199299156665802, 0.699999988079071, 0.0, False 
0.15235573053359985, 0.699999988079071, 0.0, False 
0.153054341673851, 0.699999988079071, 0.0, False 
0.1534036546945572, 0.699999988079071, 0.0, False 
0.15407539904117584, 0.699999988079071, 0.0, False 
0.15443813800811768, 0.699999988079071, 0.0, False 
0.15478745102882385, 0.699999988079071, 0.0, False 
0.155486062169075, 0.699999988079071, 0.0, False 
0.15583536028862, 0.699999988079071, 0.0, False 
0.1565742790699005, 0.699999988079071, 0.0, False 
0.15693703293800354, 0.699999988079071, 0.0, False 
0.15732663869857788, 0.699999988079071, 0.0, False 
0.1581192910671234, 0.699999988079071, 0.0, False 
0.1585492193698883, 0.699999988079071, 0.0, False 
0.159328430891037, 0.699999988079071, 0.0, False 
0.15974491834640503, 0.699999988079071, 0.0, False 
0.1605510115623474, 0.699999988079071, 0.0, False 
0.1609271913766861, 0.699999988079071, 0.0, False 
0.1613437533378601, 0.699999988079071, 0.0, False 
0.16206936538219452, 0.699999988079071, 0.0, False 
0.16248591244220734, 0.699999988079071, 0.0, False 
0.16294722259044647, 0.699999988079071, 0.0, False 
0.1635124385356903, 0.699999988079071, 0.0, False 
0.15482228994369507, 0.699999988079071, 0.0, False 
0.15460681915283203, 0.699999988079071, 0.0, False 
0.15277424454689026, 0.699999988079071, 0.0, False 
0.15209020674228668, 0.699999988079071, 0.0, False 
0.15162193775177002, 0.699999988079071, 0.0, False 
0.14466644823551178, 0.699999988079071, 0.0, False 
0.1400691270828247, 0.699999988079071, 0.0, False 
0.1406204104423523, 0.699999988079071, 0.0, False 
0.13189053535461426, 0.699999988079071, 0.0, False 
0.13140511512756348, 0.699999988079071, 0.0, False 
0.1334133744239807, 0.699999988079071, 0.0, False 
0.12289616465568542, 0.699999988079071, 0.0, False 
0.12260172516107559, 0.699999988079071, 0.0, False 
0.10096749663352966, 0.699999988079071, 0.0, False 
0.11519749462604523, 0.699999988079071, 0.0, False 
0.116692915558815, 0.699999988079071, 0.0, False 
0.10935193300247192, 0.699999988079071, 0.0, False 
0.1074254959821701, 0.699999988079071, 0.0, False 
0.0896783322095871, 0.699999988079071, 0.0, False 
0.09793970733880997, 0.699999988079071, 0.0, False 
0.0932314395904541, 0.699999988079071, 0.0, False 
0.09275135397911072, 0.699999988079071, 0.0, False 
0.07513152062892914, 0.699999988079071, 0.0, False 
0.08272512257099152, 0.699999988079071, 0.0, False 
0.06292178481817245, 0.699999988079071, 0.0, False 
0.05945499241352081, 0.699999988079071, 0.0, False 
0.07049757242202759, 0.699999988079071, 0.0, False 
0.0714230015873909, 0.699999988079071, 0.0, False 
0.06904727965593338, 0.699999988079071, 0.0, False 
0.06652693450450897, 0.699999988079071, 0.0, False 
0.05859661102294922, 0.699999988079071, 0.0, False 
0.06274395436048508, 0.699999988079071, 0.0, False 
0.06011876463890076, 0.699999988079071, 0.0, False 
0.057475414127111435, 0.699999988079071, 0.0, False 
0.05720117315649986, 0.699999988079071, 0.0, False 
0.05191724747419357, 0.699999988079071, 0.0, False 
0.05604293569922447, 0.699999988079071, 0.0, False 
0.052580446004867554, 0.699999988079071, 0.0, False 
0.05422201380133629, 0.699999988079071, 0.0, False 
0.053093332797288895, 0.699999988079071, 0.0, False 
0.051673226058483124, 0.699999988079071, 0.0, False 
0.05220962315797806, 0.699999988079071, 0.0, False 
0.051557596772909164, 0.699999988079071, 0.0, False 
0.051546428352594376, 0.699999988079071, 0.0, False 
0.05178961530327797, 0.699999988079071, 0.0, False 
0.05184325948357582, 0.699999988079071, 0.0, False 
0.05165638402104378, 0.699999988079071, 0.0, False 
0.05160029977560043, 0.699999988079071, 0.0, False 
0.05016911029815674, 0.699999988079071, 0.0, False 
0.04958866536617279, 0.6780470609664917, 0.0, False 
0.04897648096084595, 0.6689777970314026, 0.0, False 
0.04827256500720978, 0.6583319306373596, 0.0, False 
0.0484338216483593, 0.6502121686935425, 0.0, False 
0.04845914617180824, 0.679433286190033, 0.0, False 
0.04510533809661865, 0.6166495084762573, 0.0, False 
0.04528956115245819, 0.6108198761940002, 0.0, False 
0.04322303086519241, 0.593261182308197, 0.0, False 
0.04138834401965141, 0.5855752229690552, 0.0, False 
0.0414939746260643, 0.5793176889419556, 0.0, False 
0.03838137537240982, 0.571453332901001, 0.0, False 
0.036970820277929306, 0.5549613833427429, 0.0, False 
0.035837870091199875, 0.5498497486114502, 0.0, False 
0.03314395621418953, 0.5350639820098877, 0.0, False 
0.03287414833903313, 0.5288220643997192, 0.0, False 
0.0308338962495327, 0.5235188603401184, 0.0, False 
0.02783869206905365, 0.5065733194351196, 0.0, False 
0.025920920073986053, 0.5031106472015381, 0.0, False 
0.023210011422634125, 0.4920123815536499, 0.0, False 
0.02172960713505745, 0.4868614673614502, 0.0, False 
0.02059343457221985, 0.4845307469367981, 0.0, False 
0.01847081258893013, 0.4762129783630371, 0.0, False 
0.02082088589668274, 0.4951283931732178, 0.0, False 
0.01371738687157631, 0.4629925489425659, 0.0, False 
0.01669349893927574, 0.4815235137939453, 0.0, False 
0.009594827890396118, 0.4526495933532715, 0.0, False 
0.008656878024339676, 0.45008713006973267, 0.0, False 
0.007194794714450836, 0.44705283641815186, 0.0, False 
0.0045710355043411255, 0.44119977951049805, 0.0, False 
0.005783010274171829, 0.45100992918014526, 0.0, False 
0.0016704052686691284, 0.4346882700920105, 0.0, False 
0.004256770014762878, 0.4477456212043762, 0.0, False 
-0.0020962730050086975, 0.4264019727706909, 0.0, False 
-0.0042694732546806335, 0.42297953367233276, 0.0, False 
-0.0050386302173137665, 0.42130887508392334, 0.0, False 
-0.00632438063621521, 0.41862571239471436, 0.0, False 
-0.011048715561628342, 0.4088587760925293, 0.0, False 
-0.007392916828393936, 0.4233431816101074, 0.0, False 
-0.011847570538520813, 0.4098101854324341, 0.0, False 
-0.013906888663768768, 0.40844839811325073, 0.0, False 
-0.0144987553358078, 0.40651071071624756, 0.0, False 
-0.017214834690093994, 0.4039323925971985, 0.0, False 
-0.014607269316911697, 0.4112768769264221, 0.0, False 
-0.018561527132987976, 0.4012463688850403, 0.0, False 
-0.019324734807014465, 0.39992278814315796, 0.0, False 
-0.021480455994606018, 0.3993833661079407, 0.0, False 
-0.019475702196359634, 0.40314584970474243, 0.0, False 
-0.02066493034362793, 0.4019790291786194, 0.0, False 
-0.02128051221370697, 0.40085870027542114, 0.0, False 
-0.02304977923631668, 0.39874446392059326, 0.0, False 
-0.026553526520729065, 0.39317286014556885, 0.0, False 
-0.025058243423700333, 0.39599573612213135, 0.0, False 
-0.02620498463511467, 0.3951202630996704, 0.0, False 
-0.029616542160511017, 0.3897992968559265, 0.0, False 
-0.027842074632644653, 0.3894283175468445, 0.0, False 
-0.028078991919755936, 0.39215725660324097, 0.0, False 
-0.03202776983380318, 0.3877093195915222, 0.0, False 
-0.03000393882393837, 0.3872714042663574, 0.0, False 
-0.029914893209934235, 0.3868783116340637, 0.0, False 
-0.03157985210418701, 0.3885194659233093, 0.0, False 
-0.0341973677277565, 0.3854901194572449, 0.0, False 
-0.03180481866002083, 0.38523799180984497, 0.0, False 
-0.035233840346336365, 0.38439732789993286, 0.0, False 
-0.03271789476275444, 0.384127676486969, 0.0, False 
-0.03276762366294861, 0.38356566429138184, 0.0, False 
-0.03350179269909859, 0.38327765464782715, 0.0, False 
-0.034628577530384064, 0.3845515251159668, 0.0, False 
-0.03685850650072098, 0.38279926776885986, 0.0, False 
-0.03550095111131668, 0.3839207887649536, 0.0, False 
-0.03751363232731819, 0.381977379322052, 0.0, False 
-0.03409917652606964, 0.38207733631134033, 0.0, False 
-0.033989373594522476, 0.38165783882141113, 0.0, False 
-0.037561170756816864, 0.3816574215888977, 0.0, False 
-0.03544846922159195, 0.3807018995285034, 0.0, False 
-0.03594892844557762, 0.38196659088134766, 0.0, False 
-0.03748077526688576, 0.3811766505241394, 0.0, False 
-0.03757869824767113, 0.38095057010650635, 0.0, False 
-0.033872608095407486, 0.38095521926879883, 0.0, False 
-0.033233050256967545, 0.3807726502418518, 0.0, False 
-0.03616571053862572, 0.38111746311187744, 0.0, False 
-0.037474680691957474, 0.3806114196777344, 0.0, False 
-0.03760155290365219, 0.3803979754447937, 0.0, False 
-0.03357899934053421, 0.3804629445075989, 0.0, False 
-0.035809826105833054, 0.3807128071784973, 0.0, False 
-0.035855893045663834, 0.38056617975234985, 0.0, False 
-0.036866914480924606, 0.38019680976867676, 0.0, False 
-0.03690025955438614, 0.38001948595046997, 0.0, False 
-0.03486848250031471, 0.38028252124786377, 0.0, False 
-0.03680191934108734, 0.38001924753189087, 0.0, False 
-0.0350135862827301, 0.3801911473274231, 0.0, False 
-0.03582362085580826, 0.37991416454315186, 0.0, False 
-0.03489706665277481, 0.3801010847091675, 0.0, False 
-0.0313824899494648, 0.3798483610153198, 0.0, False 
-0.032962337136268616, 0.3799275755882263, 0.0, False 
-0.03316294401884079, 0.3799275755882263, 0.0, False 
-0.03387612849473953, 0.3798907995223999, 0.0, False 
-0.03181137144565582, 0.37957340478897095, 0.0, False 
-0.030341453850269318, 0.37959206104278564, 0.0, False 
-0.029559612274169922, 0.37955373525619507, 0.0, False 
-0.029402002692222595, 0.379655659198761, 0.0, False 
-0.03362557291984558, 0.3795197606086731, 0.0, False 
-0.029264047741889954, 0.3796302080154419, 0.0, False 
-0.028467433527112007, 0.37948769330978394, 0.0, False 
-0.028585361316800117, 0.37959104776382446, 0.0, False 
-0.030894652009010315, 0.37958377599716187, 0.0, False 
-0.027341848239302635, 0.3795410990715027, 0.0, False 
-0.03169175982475281, 0.3794209957122803, 0.0, False 
-0.03151824325323105, 0.3794138431549072, 0.0, False 
-0.026968738064169884, 0.3795241117477417, 0.0, False 
-0.026088012382388115, 0.37940913438796997, 0.0, False 
-0.02936924248933792, 0.3794688582420349, 0.0, False 
-0.030212871730327606, 0.3794604539871216, 0.0, False 
-0.029940124601125717, 0.37937742471694946, 0.0, False 
-0.02537532150745392, 0.3794769048690796, 0.0, False 
-0.024473639205098152, 0.37937599420547485, 0.0, False 
-0.02437220700085163, 0.37942081689834595, 0.0, False 
-0.026845620945096016, 0.3794253468513489, 0.0, False 
-0.028368521481752396, 0.379358172416687, 0.0, False 
-0.02382691763341427, 0.37945735454559326, 0.0, False 
-0.026399139314889908, 0.3794136047363281, 0.0, False 
-0.02279319427907467, 0.3794231414794922, 0.0, False 
-0.026977162808179855, 0.3793410658836365, 0.0, False 
-0.026648996397852898, 0.3794010281562805, 0.0, False 
-0.022167230024933815, 0.37941235303878784, 0.0, False 
-0.02540704607963562, 0.3793894052505493, 0.0, False 
-0.024514228105545044, 0.3793964385986328, 0.0, False 
-0.02421305514872074, 0.3793913722038269, 0.0, False 
-0.024777352809906006, 0.37937188148498535, 0.0, False 
-0.020504845306277275, 0.3793867230415344, 0.0, False 
-0.020372603088617325, 0.37936633825302124, 0.0, False 
-0.02276710793375969, 0.37937289476394653, 0.0, False 
-0.023450568318367004, 0.3793635368347168, 0.0, False 
-0.019532013684511185, 0.37939053773880005, 0.0, False 
-0.019631221890449524, 0.3794153928756714, 0.0, False 
-0.01929452270269394, 0.37931859493255615, 0.0, False 
-0.022825706750154495, 0.379331111907959, 0.0, False 
-0.018704351037740707, 0.3794068694114685, 0.0, False 
-0.020754609256982803, 0.3793506622314453, 0.0, False 
-0.017937133088707924, 0.3793792724609375, 0.0, False 
-0.01719142682850361, 0.3793286681175232, 0.0, False 
-0.017100606113672256, 0.37940335273742676, 0.0, False 
-0.021005557850003242, 0.37932735681533813, 0.0, False 
-0.016957368701696396, 0.3794025182723999, 0.0, False 
-0.016324002295732498, 0.3793301582336426, 0.0, False 
-0.016302529722452164, 0.3793657422065735, 0.0, False 
-0.015712445601820946, 0.37933236360549927, 0.0, False 
-0.015444677323102951, 0.3793988823890686, 0.0, False 
-0.016743043437600136, 0.37935084104537964, 0.0, False 
-0.01850181631743908, 0.3793524503707886, 0.0, False 
-0.01467154361307621, 0.3793829083442688, 0.0, False 
-0.01738004758954048, 0.3793516159057617, 0.0, False 
-0.013722047209739685, 0.37936604022979736, 0.0, False 
-0.015831727534532547, 0.37936079502105713, 0.0, False 
-0.017268138006329536, 0.37933361530303955, 0.0, False 
-0.013476872816681862, 0.3793858289718628, 0.0, False 
-0.015505325049161911, 0.3793576955795288, 0.0, False 
-0.01539657637476921, 0.3793555498123169, 0.0, False 
-0.012295080348849297, 0.3793666958808899, 0.0, False 
-0.01422913745045662, 0.37935489416122437, 0.0, False 
-0.015631791204214096, 0.3793371915817261, 0.0, False 
-0.01209905557334423, 0.3793858289718628, 0.0, False 
-0.011543437838554382, 0.37933921813964844, 0.0, False 
-0.011265665292739868, 0.37938112020492554, 0.0, False 
-0.014818618074059486, 0.37934058904647827, 0.0, False 
-0.011286860331892967, 0.3793874979019165, 0.0, False 
-0.013084465637803078, 0.3793599605560303, 0.0, False 
-0.01221492514014244, 0.379361093044281, 0.0, False 
-0.01389753445982933, 0.3793538212776184, 0.0, False 
-0.012900510802865028, 0.3793596625328064, 0.0, False 
-0.013041723519563675, 0.37934231758117676, 0.0, False 
-0.009737018495798111, 0.3793725371360779, 0.0, False 
-0.009175429120659828, 0.3793450593948364, 0.0, False 
-0.009094081819057465, 0.37937867641448975, 0.0, False 
-0.010773992165923119, 0.3793603181838989, 0.0, False 
-0.009172113612294197, 0.37936437129974365, 0.0, False 
-0.008628278970718384, 0.3793494701385498, 0.0, False 
-0.008672235533595085, 0.37936341762542725, 0.0, False 
-0.00807265006005764, 0.3793486952781677, 0.0, False 
-0.007997222244739532, 0.3793621063232422, 0.0, False 
-0.010920776054263115, 0.3793489933013916, 0.0, False 
-0.009357832372188568, 0.3793591260910034, 0.0, False 
-0.007687753066420555, 0.3793584108352661, 0.0, False 
-0.00729428231716156, 0.3793525695800781, 0.0, False 
-0.007034000940620899, 0.3793734908103943, 0.0, False 
-0.009944598190486431, 0.37935250997543335, 0.0, False 
-0.006919987499713898, 0.37937474250793457, 0.0, False 
-0.006796770729124546, 0.37937623262405396, 0.0, False 
-0.00965371634811163, 0.37935519218444824, 0.0, False 
-0.006103492341935635, 0.3793671131134033, 0.0, False 
-0.008876008912920952, 0.3793569803237915, 0.0, False 
-0.008720037527382374, 0.3793644905090332, 0.0, False 
-0.007949945516884327, 0.3793652057647705, 0.0, False 
-0.008539681322872639, 0.3793632388114929, 0.0, False 
-0.007808070629835129, 0.37936586141586304, 0.0, False 
-0.006777353584766388, 0.3793661594390869, 0.0, False 
-0.00780927948653698, 0.3793638348579407, 0.0, False 
-0.0049619367346167564, 0.37936872243881226, 0.0, False 
-0.005009204149246216, 0.379363477230072, 0.0, False 
-0.00457911379635334, 0.3793601989746094, 0.0, False 
-0.0072007086127996445, 0.3793601393699646, 0.0, False 
-0.005849804729223251, 0.3793652057647705, 0.0, False 
-0.004548360593616962, 0.3793655037879944, 0.0, False 
-0.0053424956277012825, 0.37936437129974365, 0.0, False 
-0.0040873028337955475, 0.3793644309043884, 0.0, False 
-0.005667438730597496, 0.3793630599975586, 0.0, False 
-0.004069190472364426, 0.37936800718307495, 0.0, False 
-0.006113921292126179, 0.37936121225357056, 0.0, False 
-0.0036544566974043846, 0.37937307357788086, 0.0, False 
-0.004447462037205696, 0.3793647289276123, 0.0, False 
-0.0048818523064255714, 0.3793640732765198, 0.0, False 
-0.00550459511578083, 0.3793656826019287, 0.0, False 
-0.0043528079986572266, 0.37936586141586304, 0.0, False 
-0.0031263725832104683, 0.3793641924858093, 0.0, False 
-0.004898536950349808, 0.3793630599975586, 0.0, False 
-0.002571718767285347, 0.3793700337409973, 0.0, False 
-0.0031159212812781334, 0.37937861680984497, 0.0, False 
-0.0023508500307798386, 0.37936484813690186, 0.0, False 
-0.003848101943731308, 0.37936699390411377, 0.0, False 
-0.0019796565175056458, 0.37936699390411377, 0.0, False 
-0.004028830677270889, 0.3793637156486511, 0.0, False 
-0.004196935333311558, 0.37936538457870483, 0.0, False 
-0.0033976128324866295, 0.3793666958808899, 0.0, False 
-0.004055477678775787, 0.37936604022979736, 0.0, False 
-0.0014926372095942497, 0.37936508655548096, 0.0, False 
-0.0035505061969161034, 0.37936538457870483, 0.0, False 
-0.0016778362914919853, 0.37937235832214355, 0.0, False 
-0.00220594834536314, 0.3793671727180481, 0.0, False 
-0.0013629654422402382, 0.3793671727180481, 0.0, False 
-0.0022340333089232445, 0.3793671727180481, 0.0, False 
-0.0014537535607814789, 0.3793680667877197, 0.0, False 
-0.0020301425829529762, 0.3793671727180481, 0.0, False 
-0.00240304134786129, 0.3793666958808899, 0.0, False 
-0.0026666605845093727, 0.37936538457870483, 0.0, False 
-0.0007825540378689766, 0.3793690800666809, 0.0, False 
-0.0027125217020511627, 0.379366397857666, 0.0, False 
-0.0017268303781747818, 0.37936800718307495, 0.0, False 
-0.0023614168167114258, 0.37936675548553467, 0.0, False 
-0.0005651712417602539, 0.3793700337409973, 0.0, False 
-0.002147332765161991, 0.37936872243881226, 0.0, False 
-0.0014680484309792519, 0.37936800718307495, 0.0, False 
-0.0017261961475014687, 0.3793650269508362, 0.0, False 
4.1037797927856445e-05, 0.37936675548553467, 0.0, False 
-0.0001408671960234642, 0.37936931848526, 0.0, False 
-0.0008636973798274994, 0.37936800718307495, 0.0, False 
-0.001350773498415947, 0.37936514616012573, 0.0, False 
-0.0005099643021821976, 0.3793671727180481, 0.0, False 
0.0002860194072127342, 0.37936609983444214, 0.0, False 
0.000343862920999527, 0.3793652057647705, 0.0, False 
0.0005574021488428116, 0.37936651706695557, 0.0, False 
-0.0009699827060103416, 0.3793657422065735, 0.0, False 
-0.00015336275100708008, 0.37936633825302124, 0.0, False 
0.0006011128425598145, 0.37936484813690186, 0.0, False 
0.0006271665915846825, 0.37936705350875854, 0.0, False 
-0.0009099142625927925, 0.3793671131134033, 0.0, False 
0.0006991811096668243, 0.3793657422065735, 0.0, False 
-0.0005874531343579292, 0.3793655037879944, 0.0, False 
-8.802302181720734e-05, 0.37936681509017944, 0.0, False 
-4.8580579459667206e-05, 0.37936651706695557, 0.0, False 
-1.2608245015144348e-05, 0.37936651706695557, 0.0, False 
-4.084594547748566e-05, 0.37936651706695557, 0.0, False 
0.0010051177814602852, 0.3793654441833496, 0.0, False 
0.0011522211134433746, 0.3793684244155884, 0.0, False 
-0.00024705100804567337, 0.3793674111366272, 0.0, False 
0.0002471506595611572, 0.3793666958808899, 0.0, False 
0.0010985536500811577, 0.3793677091598511, 0.0, False 
0.0013467669486999512, 0.37936776876449585, 0.0, False 
-4.516821354627609e-05, 0.3793680667877197, 0.0, False 
0.0014595640823245049, 0.3793683648109436, 0.0, False 
9.701494127511978e-05, 0.3793684244155884, 0.0, False 
0.0015382375568151474, 0.37936705350875854, 0.0, False 
0.0014564963057637215, 0.37936872243881226, 0.0, False 
0.000157281756401062, 0.37936800718307495, 0.0, False 
0.0014783423393964767, 0.37936633825302124, 0.0, False 
0.00035431142896413803, 0.3793676495552063, 0.0, False 
0.0017268741503357887, 0.37936675548553467, 0.0, False 
0.0017576469108462334, 0.3793656826019287, 0.0, False 
0.0003566071391105652, 0.3793693780899048, 0.0, False 
0.001716948114335537, 0.37936675548553467, 0.0, False 
0.0006153900176286697, 0.37936604022979736, 0.0, False 
0.0018793195486068726, 0.3793673515319824, 0.0, False 
0.001895558089017868, 0.3793676495552063, 0.0, False 
0.0006484175100922585, 0.3793676495552063, 0.0, False 
0.001911989413201809, 0.37936675548553467, 0.0, False 
0.0019151074811816216, 0.37936437129974365, 0.0, False 
0.002121271565556526, 0.37936699390411377, 0.0, False 
0.0015490837395191193, 0.37936699390411377, 0.0, False 
0.0008597979322075844, 0.3793664574623108, 0.0, False 
0.002034817822277546, 0.379366397857666, 0.0, False 
0.002045893110334873, 0.379366397857666, 0.0, False 
0.0022392356768250465, 0.3793686628341675, 0.0, False 
0.0016971519216895103, 0.3793673515319824, 0.0, False 
0.0010497616603970528, 0.3793676495552063, 0.0, False 
0.001452496275305748, 0.3793676495552063, 0.0, False 
0.0021726246923208237, 0.3793656826019287, 0.0, False 
0.00228987168520689, 0.3793686628341675, 0.0, False 
0.001164696179330349, 0.3793673515319824, 0.0, False 
0.0011374475434422493, 0.37936896085739136, 0.0, False 
0.002186868339776993, 0.3793676495552063, 0.0, False 
0.0024162717163562775, 0.3793676495552063, 0.0, False 
0.002381480298936367, 0.37936705350875854, 0.0, False 
0.0012582549825310707, 0.3793700337409973, 0.0, False 
0.0018690070137381554, 0.3793676495552063, 0.0, False 
0.0014783712103962898, 0.37936872243881226, 0.0, False 
0.0025104042142629623, 0.3793657422065735, 0.0, False 
0.0024298308417201042, 0.3793674111366272, 0.0, False 
0.0019971607252955437, 0.37936800718307495, 0.0, False 
0.002142815850675106, 0.37936848402023315, 0.0, False 
0.001500643789768219, 0.3793681263923645, 0.0, False 
0.0018916549161076546, 0.3793681263923645, 0.0, False 
0.0026469761505723, 0.3793674111366272, 0.0, False 
0.002644721418619156, 0.37936830520629883, 0.0, False 
0.002185715362429619, 0.37936830520629883, 0.0, False 
0.0015437202528119087, 0.3793690800666809, 0.0, False 
0.0025833696126937866, 0.3793677091598511, 0.0, False 
0.0022947918623685837, 0.37936848402023315, 0.0, False 
0.002691316418349743, 0.37936872243881226, 0.0, False 
0.002274653874337673, 0.3793681263923645, 0.0, False 
0.001710912212729454, 0.3793697953224182, 0.0, False 
0.0026055360212922096, 0.37936848402023315, 0.0, False 
0.0026266733184456825, 0.37936848402023315, 0.0, False 
0.0027650296688079834, 0.37936848402023315, 0.0, False 
0.001867721788585186, 0.37936848402023315, 0.0, False 
0.0018093446269631386, 0.37936848402023315, 0.0, False 
0.0027279015630483627, 0.37936609983444214, 0.0, False 
0.0026474501937627792, 0.37936872243881226, 0.0, False 
0.0017868010327219963, 0.3793681263923645, 0.0, False 
0.0021104803308844566, 0.3793681263923645, 0.0, False 
0.0018344176933169365, 0.37936943769454956, 0.0, False 
0.0027230503037571907, 0.3793674111366272, 0.0, False 
0.0027133896946907043, 0.37936651706695557, 0.0, False 
0.0018438482657074928, 0.3793678283691406, 0.0, False 
0.0021653706207871437, 0.3793678283691406, 0.0, False 
0.0019623786211013794, 0.37936675548553467, 0.0, False 
0.0024267779663205147, 0.3793671727180481, 0.0, False 
0.001857474446296692, 0.3793680667877197, 0.0, False 
0.0027544545009732246, 0.3793656826019287, 0.0, False 
0.00249477569013834, 0.379367470741272, 0.0, False 
0.0023029735311865807, 0.3793681263923645, 0.0, False 
0.0018955077975988388, 0.3793674111366272, 0.0, False 
0.0027659526094794273, 0.3793696165084839, 0.0, False 
0.0024617761373519897, 0.37936830520629883, 0.0, False 
0.002285195514559746, 0.37936830520629883, 0.0, False 
0.002729225903749466, 0.3793681263923645, 0.0, False 
0.0027768192812800407, 0.3793697953224182, 0.0, False 
0.002332090400159359, 0.37936830520629883, 0.0, False 
0.0020061563700437546, 0.3793674111366272, 0.0, False 
0.002301586791872978, 0.3793681263923645, 0.0, False 
0.0027301842346787453, 0.37936872243881226, 0.0, False 
0.0024037910625338554, 0.37936800718307495, 0.0, False 
0.0028046611696481705, 0.3793681263923645, 0.0, False 
0.0020475322380661964, 0.3793681263923645, 0.0, False 
0.0023398036137223244, 0.3793681263923645, 0.0, False 
0.0027275923639535904, 0.37936943769454956, 0.0, False 
0.002882444765418768, 0.3793674111366272, 0.0, False 
0.002396848052740097, 0.37936800718307495, 0.0, False 
0.0020658187568187714, 0.37936705350875854, 0.0, False 
0.00208105007186532, 0.3793656826019287, 0.0, False 
0.0028055175207555294, 0.37936609983444214, 0.0, False 
0.002472199033945799, 0.37936681509017944, 0.0, False 
0.0026817484758794308, 0.3793683648109436, 0.0, False 
0.0023550759069621563, 0.3793676495552063, 0.0, False 
0.0026728096418082714, 0.3793684244155884, 0.0, False 
0.0027694120071828365, 0.37936872243881226, 0.0, False 
0.0027562840841710567, 0.37936830520629883, 0.0, False 
0.0019591739401221275, 0.3793690800666809, 0.0, False 
0.002761922311037779, 0.37936902046203613, 0.0, False 
0.0025012879632413387, 0.37936830520629883, 0.0, False 
0.0027236854657530785, 0.3793674111366272, 0.0, False 
0.002652437426149845, 0.3793674111366272, 0.0, False 
0.002731217071413994, 0.3793674111366272, 0.0, False 
0.002475511748343706, 0.37936800718307495, 0.0, False 
0.001960144843906164, 0.37936705350875854, 0.0, False 
0.00262578297406435, 0.37936604022979736, 0.0, False 
0.002460537012666464, 0.3793671727180481, 0.0, False 
0.002298529725521803, 0.3793673515319824, 0.0, False 
0.0024049715138971806, 0.3793671727180481, 0.0, False 
0.001954321749508381, 0.3793657422065735, 0.0, False 
0.0026212488301098347, 0.3793654441833496, 0.0, False 
0.0020201834850013256, 0.3793654441833496, 0.0, False 
0.0026716901920735836, 0.3793661594390869, 0.0, False 
0.001966206356883049, 0.3793678283691406, 0.0, False 
0.0019244537688791752, 0.37936633825302124, 0.0, False 
0.00258823623880744, 0.3793647289276123, 0.0, False 
0.0019948678091168404, 0.37936633825302124, 0.0, False 
0.002640215214341879, 0.3793638348579407, 0.0, False 
0.0025676116347312927, 0.3793654441833496, 0.0, False 
0.0018924926407635212, 0.3793676495552063, 0.0, False 
0.0022712205536663532, 0.37936604022979736, 0.0, False 
0.0022338679991662502, 0.37936586141586304, 0.0, False 
0.0025644470006227493, 0.37936508655548096, 0.0, False 
0.0018907561898231506, 0.3793656826019287, 0.0, False 
0.0025116833858191967, 0.3793673515319824, 0.0, False 
0.002315779682248831, 0.37936604022979736, 0.0, False 
0.0024141743779182434, 0.3793681263923645, 0.0, False 
0.0024005472660064697, 0.3793693780899048, 0.0, False 
0.002350882161408663, 0.37936604022979736, 0.0, False 
0.0024373172782361507, 0.3793673515319824, 0.0, False 
0.0017632399685680866, 0.3793673515319824, 0.0, False 
0.0023578968830406666, 0.3793664574623108, 0.0, False 
0.0020713559351861477, 0.37936681509017944, 0.0, False 
0.0020559546537697315, 0.37936681509017944, 0.0, False 
0.0024032508954405785, 0.3793650269508362, 0.0, False 
0.0022969702258706093, 0.3793657422065735, 0.0, False 
0.0021044467575848103, 0.37936633825302124, 0.0, False 
0.002323233988136053, 0.37936514616012573, 0.0, False 
0.00237537594512105, 0.37936586141586304, 0.0, False 
0.0021733781322836876, 0.37936586141586304, 0.0, False 
0.0017068120650947094, 0.3793647885322571, 0.0, False 
0.0022108471021056175, 0.37936538457870483, 0.0, False 
0.0020308885723352432, 0.37936538457870483, 0.0, False 
0.0022387737408280373, 0.3793655037879944, 0.0, False 
0.001577447634190321, 0.3793655037879944, 0.0, False 
0.0019556949846446514, 0.3793655037879944, 0.0, False 
0.0016336715780198574, 0.3793647885322571, 0.0, False 
0.002182544209063053, 0.3793647885322571, 0.0, False 
0.0018283240497112274, 0.37936538457870483, 0.0, False 
0.0022139018401503563, 0.37936538457870483, 0.0, False 
0.001560258213430643, 0.37936538457870483, 0.0, False 
0.0015333699993789196, 0.37936413288116455, 0.0, False 
0.0020850119180977345, 0.37936413288116455, 0.0, False 
0.001516704447567463, 0.37936633825302124, 0.0, False 
0.0021098842844367027, 0.37936413288116455, 0.0, False 
0.0014781719073653221, 0.37936484813690186, 0.0, False 
0.0017368323169648647, 0.37936484813690186, 0.0, False 
0.00144613953307271, 0.37936341762542725, 0.0, False 
0.001724843867123127, 0.3793647289276123, 0.0, False 
0.0020493739284574986, 0.3793638348579407, 0.0, False 
0.0017936085350811481, 0.3793647289276123, 0.0, False 
0.002001820132136345, 0.37936633825302124, 0.0, False 
0.0018363851122558117, 0.3793650269508362, 0.0, False 
0.0013573775067925453, 0.37936288118362427, 0.0, False 
0.001889446284621954, 0.3793641924858093, 0.0, False 
0.0013261050917208195, 0.3793647289276123, 0.0, False 
0.0015958459116518497, 0.3793647289276123, 0.0, False 
0.001679960172623396, 0.37936437129974365, 0.0, False 
0.0017551826313138008, 0.3793641924858093, 0.0, False 
0.0016906177625060081, 0.3793640732765198, 0.0, False 
0.0018805437721312046, 0.37936317920684814, 0.0, False 
0.0015230178833007812, 0.37936389446258545, 0.0, False 
0.0012467228807508945, 0.3793644905090332, 0.0, False 
0.0014737173914909363, 0.37936389446258545, 0.0, False 
0.0012394431978464127, 0.37936538457870483, 0.0, False 
0.0014993217773735523, 0.3793640732765198, 0.0, False 
0.0014610225334763527, 0.3793637156486511, 0.0, False 
0.0015403712168335915, 0.3793637156486511, 0.0, False 
0.001503033097833395, 0.3793635368347168, 0.0, False 
0.0012132725678384304, 0.3793632388114929, 0.0, False 
0.001767786219716072, 0.37936246395111084, 0.0, False 
0.0016845781356096268, 0.3793625235557556, 0.0, False 
0.0011138496920466423, 0.37936246395111084, 0.0, False 
0.0014275060966610909, 0.3793630599975586, 0.0, False 
0.0011746333912014961, 0.37936174869537354, 0.0, False 
0.00138105358928442, 0.37936294078826904, 0.0, False 
0.0016304254531860352, 0.3793620467185974, 0.0, False 
0.0010722638107836246, 0.37936365604400635, 0.0, False 
0.0015942910686135292, 0.37936294078826904, 0.0, False 
0.0015444285236299038, 0.3793644309043884, 0.0, False 
0.001337823923677206, 0.3793632388114929, 0.0, False 
0.0015249005518853664, 0.3793635368347168, 0.0, False 
0.0009948927909135818, 0.3793644309043884, 0.0, False 
0.0014307508245110512, 0.37936538457870483, 0.0, False 
0.0009634294547140598, 0.37936437129974365, 0.0, False 
0.0014826059341430664, 0.37936514616012573, 0.0, False 
0.0011568451300263405, 0.37936437129974365, 0.0, False 
0.0014994177035987377, 0.379363477230072, 0.0, False 
0.0009348755702376366, 0.379363477230072, 0.0, False 
0.0012385756708681583, 0.3793640732765198, 0.0, False 
0.0013912622816860676, 0.379363477230072, 0.0, False 
0.00118617108091712, 0.3793640732765198, 0.0, False 
0.001139243133366108, 0.37936389446258545, 0.0, False 
0.0007843426428735256, 0.3793640732765198, 0.0, False 
0.0010543754324316978, 0.3793640732765198, 0.0, False 
0.0008366303518414497, 0.3793640732765198, 0.0, False 
0.0013257716782391071, 0.3793640732765198, 0.0, False 
0.0007782112807035446, 0.3793647885322571, 0.0, False 
0.0010850010439753532, 0.3793640732765198, 0.0, False 
0.0012006275355815887, 0.3793647885322571, 0.0, False 
0.0009094774723052979, 0.3793640732765198, 0.0, False 
0.0012663565576076508, 0.3793640732765198, 0.0, False 
0.001223892904818058, 0.379363477230072, 0.0, False 
0.0006758943200111389, 0.3793640732765198, 0.0, False 
0.000896987970918417, 0.3793640732765198, 0.0, False 
0.00111469067633152, 0.3793656826019287, 0.0, False 
0.0012054634280502796, 0.379363477230072, 0.0, False 
0.0011609960347414017, 0.37936317920684814, 0.0, False 
0.0005967174656689167, 0.37936389446258545, 0.0, False 
0.0005829832516610622, 0.3793628215789795, 0.0, False 
0.0010744915343821049, 0.3793628215789795, 0.0, False 
0.0005324529483914375, 0.37936341762542725, 0.0, False 
0.0010821865871548653, 0.3793625235557556, 0.0, False 
0.0005714832805097103, 0.37936246395111084, 0.0, False 
0.0008543389849364758, 0.3793632388114929, 0.0, False 
0.0010003349743783474, 0.3793635368347168, 0.0, False 
0.0004269205965101719, 0.3793652057647705, 0.0, False 
0.0007296940311789513, 0.3793637156486511, 0.0, False 
0.00044044945389032364, 0.37936311960220337, 0.0, False 
0.000408894382417202, 0.37936538457870483, 0.0, False 
0.0006249910220503807, 0.3793640732765198, 0.0, False 
0.00043550971895456314, 0.3793644309043884, 0.0, False 
0.0009141368791460991, 0.37936609983444214, 0.0, False 
0.00040484964847564697, 0.379363477230072, 0.0, False 
0.0005552922375500202, 0.37936437129974365, 0.0, False 
0.0005454751662909985, 0.37936437129974365, 0.0, False 
0.0003146538510918617, 0.3793647885322571, 0.0, False 
0.0008283574134111404, 0.379363477230072, 0.0, False 
0.00029093213379383087, 0.37936317920684814, 0.0, False 
0.0005832156166434288, 0.3793640732765198, 0.0, False 
0.0006524235941469669, 0.37936389446258545, 0.0, False 
0.0002733571454882622, 0.37936437129974365, 0.0, False 
0.0004884861409664154, 0.37936437129974365, 0.0, False 
0.0007203295826911926, 0.37936437129974365, 0.0, False 
0.00020886724814772606, 0.37936604022979736, 0.0, False 
0.0007179398089647293, 0.3793654441833496, 0.0, False 
0.0005452949553728104, 0.37936484813690186, 0.0, False 
0.0004345444031059742, 0.37936484813690186, 0.0, False 
0.0006582043133676052, 0.37936484813690186, 0.0, False 
0.0001558247022330761, 0.3793632388114929, 0.0, False 
0.0006773821078240871, 0.379364550113678, 0.0, False 
0.00019013555720448494, 0.3793637752532959, 0.0, False 
0.00038806768134236336, 0.37936437129974365, 0.0, False 
0.0005982639268040657, 0.3793656826019287, 0.0, False 
8.047884330153465e-05, 0.37936514616012573, 0.0, False 
0.0006085461936891079, 0.37936288118362427, 0.0, False 
7.928814738988876e-05, 0.37936508655548096, 0.0, False 
0.000545769464224577, 0.37936604022979736, 0.0, False 
0.00024508871138095856, 0.379364550113678, 0.0, False 
0.0005569946952164173, 0.37936437129974365, 0.0, False 
3.2291747629642487e-05, 0.37936514616012573, 0.0, False 
2.0126812160015106e-05, 0.37936437129974365, 0.0, False 
0.00047982484102249146, 0.37936437129974365, 0.0, False 
-2.5609508156776428e-05, 0.379363477230072, 0.0, False 
0.0004794606938958168, 0.3793637752532959, 0.0, False 
0.00030108634382486343, 0.37936437129974365, 0.0, False 
-0.00010750116780400276, 0.37936437129974365, 0.0, False 
0.0003782282583415508, 0.37936437129974365, 0.0, False 
-3.362167626619339e-05, 0.3793625831604004, 0.0, False 
0.00041457172483205795, 0.3793647885322571, 0.0, False 
-7.29006715118885e-05, 0.3793647885322571, 0.0, False 
-0.0001448979601264, 0.37936311960220337, 0.0, False 
0.0003347257152199745, 0.3793628215789795, 0.0, False 
0.00014674756675958633, 0.3793635368347168, 0.0, False 
0.0003860308788716793, 0.3793625235557556, 0.0, False 
-9.986758232116699e-05, 0.37936174869537354, 0.0, False 
-0.00013677962124347687, 0.37936294078826904, 0.0, False 
0.0003398815169930458, 0.37936127185821533, 0.0, False 
-0.00017117755487561226, 0.37936335802078247, 0.0, False 
9.858421981334686e-05, 0.3793625831604004, 0.0, False 
7.35865905880928e-05, 0.3793625831604004, 0.0, False 
-0.00015102047473192215, 0.37936168909072876, 0.0, False 
3.513926640152931e-05, 0.37936240434646606, 0.0, False 
-0.00017086835578083992, 0.3793625831604004, 0.0, False 
-0.00018738489598035812, 0.3793632984161377, 0.0, False 
-1.1692754924297333e-05, 0.3793625831604004, 0.0, False 
0.00022108480334281921, 0.3793649673461914, 0.0, False 
0.00010371487587690353, 0.3793632388114929, 0.0, False 
9.35564748942852e-05, 0.3793632388114929, 0.0, False 
-0.00027481094002723694, 0.3793637156486511, 0.0, False 
1.2122094631195068e-05, 0.3793641924858093, 0.0, False 
0.00016862014308571815, 0.37936586141586304, 0.0, False 
0.00018055737018585205, 0.37936413288116455, 0.0, False 
-0.0002984427846968174, 0.3793654441833496, 0.0, False 
0.00014087511226534843, 0.37936484813690186, 0.0, False 
1.0611489415168762e-05, 0.3793650269508362, 0.0, False 
-9.699305519461632e-05, 0.3793650269508362, 0.0, False 
8.977390825748444e-05, 0.3793647885322571, 0.0, False 
0.00017025601118803024, 0.3793637156486511, 0.0, False 
-1.1833617463707924e-05, 0.3793650269508362, 0.0, False 
-5.038594827055931e-05, 0.3793652057647705, 0.0, False 
-0.00016350066289305687, 0.3793655037879944, 0.0, False 
-9.93809662759304e-05, 0.3793652057647705, 0.0, False 
0.0001238277181982994, 0.3793644905090332, 0.0, False 
-0.00015613273717463017, 0.3793650269508362, 0.0, False 
-0.0003856378607451916, 0.37936413288116455, 0.0, False 
6.272457540035248e-05, 0.37936651706695557, 0.0, False 
-0.0001284605823457241, 0.3793652057647705, 0.0, False 
0.0001245546154677868, 0.3793650269508362, 0.0, False 
-0.00035627884790301323, 0.37936341762542725, 0.0, False 
-0.0001045886892825365, 0.37936484813690186, 0.0, False 
-0.0002039868850260973, 0.379364550113678, 0.0, False 
-0.00023103062994778156, 0.37936437129974365, 0.0, False 
8.996832184493542e-05, 0.379363477230072, 0.0, False 
-0.00036909920163452625, 0.3793640732765198, 0.0, False 
-0.0003849640488624573, 0.379363477230072, 0.0, False 
4.0923478081822395e-05, 0.3793647885322571, 0.0, False 
-0.00024041207507252693, 0.37936437129974365, 0.0, False 
-0.0004370671231299639, 0.37936437129974365, 0.0, False 
-1.1838972568511963e-05, 0.37936514616012573, 0.0, False 
-1.8693041056394577e-05, 0.3793637752532959, 0.0, False 
-0.0002162950113415718, 0.37936437129974365, 0.0, False 
1.4540506526827812e-05, 0.37936437129974365, 0.0, False 
-0.00042534805834293365, 0.3793627619743347, 0.0, False 
-0.0002618227154016495, 0.3793640732765198, 0.0, False 
-0.0002840349916368723, 0.3793635368347168, 0.0, False 
-0.0002121315337717533, 0.3793635368347168, 0.0, False 
-0.0002396616619080305, 0.3793640732765198, 0.0, False 
-0.00017076777294278145, 0.3793640732765198, 0.0, False 
-0.0002598122227936983, 0.37936389446258545, 0.0, False 
-4.869350232183933e-05, 0.3793647885322571, 0.0, False 
-0.0005266210064291954, 0.3793640732765198, 0.0, False 
-2.4728011339902878e-05, 0.3793641924858093, 0.0, False 
-0.00028203544206917286, 0.379364550113678, 0.0, False 
-3.6403536796569824e-05, 0.3793637752532959, 0.0, False 
-0.00031120050698518753, 0.379364550113678, 0.0, False 
-0.0002463634591549635, 0.37936484813690186, 0.0, False 
-0.0005240053869783878, 0.3793654441833496, 0.0, False 
-0.00010606832802295685, 0.37936484813690186, 0.0, False 
-0.000117558054625988, 0.37936413288116455, 0.0, False 
-6.237090565264225e-05, 0.37936484813690186, 0.0, False 
-0.00048130634240806103, 0.37936413288116455, 0.0, False 
-0.000500574242323637, 0.37936413288116455, 0.0, False 
-7.533351890742779e-05, 0.3793638348579407, 0.0, False 
-0.00035321712493896484, 0.3793647289276123, 0.0, False 
-0.00028425222262740135, 0.3793647289276123, 0.0, False 
-0.00010709790512919426, 0.37936413288116455, 0.0, False 
-0.00038401130586862564, 0.379364550113678, 0.0, False 
-9.733415208756924e-05, 0.37936514616012573, 0.0, False 
-0.00034134346060454845, 0.37936437129974365, 0.0, False 
-0.00011964398436248302, 0.379366397857666, 0.0, False 
-9.824451990425587e-05, 0.37936609983444214, 0.0, False 
-0.0005285462830215693, 0.3793655037879944, 0.0, False 
-0.000540698179975152, 0.37936389446258545, 0.0, False 
-0.00013737473636865616, 0.3793652057647705, 0.0, False 
-0.0005363086238503456, 0.3793644309043884, 0.0, False 
-0.00032703904435038567, 0.3793650269508362, 0.0, False 
-0.0002625826746225357, 0.3793650269508362, 0.0, False 
-0.0005189147777855396, 0.37936580181121826, 0.0, False 
-0.0001254852395504713, 0.37936609983444214, 0.0, False 
-0.0003843780141323805, 0.3793655037879944, 0.0, False 
-0.0003255109768360853, 0.3793655037879944, 0.0, False 
-0.0002689741086214781, 0.3793652057647705, 0.0, False 
-0.0005477485246956348, 0.37936609983444214, 0.0, False 
-0.00016822339966893196, 0.3793644905090332, 0.0, False 
-0.00017279828898608685, 0.3793652057647705, 0.0, False 
-0.00011434848420321941, 0.3793644309043884, 0.0, False 
-0.00028373696841299534, 0.3793650269508362, 0.0, False 
-0.0005712553393095732, 0.3793647289276123, 0.0, False 
-0.0001926007680594921, 0.3793654441833496, 0.0, False 
-0.00013745157048106194, 0.37936413288116455, 0.0, False 
-0.00019589602015912533, 0.3793661594390869, 0.0, False 
-0.0003311240579932928, 0.37936484813690186, 0.0, False 
-0.00019350415095686913, 0.3793647289276123, 0.0, False 
-0.00035532843321561813, 0.3793647289276123, 0.0, False 
-0.0005268296226859093, 0.3793650269508362, 0.0, False 
-0.00037165614776313305, 0.3793650269508362, 0.0, False 
-0.0001542030368000269, 0.3793647289276123, 0.0, False 
-0.0005419345106929541, 0.37936216592788696, 0.0, False 
-0.00020488235168159008, 0.37936586141586304, 0.0, False 
-0.00020451704040169716, 0.3793647885322571, 0.0, False 
-0.0003643834497779608, 0.3793641924858093, 0.0, False 
-0.00015761074610054493, 0.37936389446258545, 0.0, False 
-0.0005254382267594337, 0.37936389446258545, 0.0, False 
-0.0005549162160605192, 0.3793628215789795, 0.0, False 
-0.00019081984646618366, 0.3793635368347168, 0.0, False 
-0.00020819995552301407, 0.3793650269508362, 0.0, False 
-0.00014907005243003368, 0.3793637156486511, 0.0, False 
-0.00016255676746368408, 0.37936222553253174, 0.0, False 
-0.0005347591359168291, 0.3793644309043884, 0.0, False 
-0.00019360007718205452, 0.3793644905090332, 0.0, False 
-0.00023055588826537132, 0.3793640732765198, 0.0, False 
-0.00015642354264855385, 0.3793640732765198, 0.0, False 
-0.000381075544282794, 0.3793641924858093, 0.0, False 
-0.0005961779970675707, 0.37936508655548096, 0.0, False 
-0.00021734321489930153, 0.37936437129974365, 0.0, False 
-0.0001667605247348547, 0.379363477230072, 0.0, False 
-0.00021412107162177563, 0.37936604022979736, 0.0, False 
-0.00041165854781866074, 0.3793647289276123, 0.0, False 
-0.0004201899282634258, 0.3793647289276123, 0.0, False 
-0.00017056032083928585, 0.3793638348579407, 0.0, False 
-0.00020102458074688911, 0.3793657422065735, 0.0, False 
-0.00034784525632858276, 0.3793650269508362, 0.0, False 
-0.00023403414525091648, 0.37936484813690186, 0.0, False 
-0.0005361391231417656, 0.37936341762542725, 0.0, False 
-0.00020194589160382748, 0.3793647289276123, 0.0, False 
-0.0004125486593693495, 0.3793647289276123, 0.0, False 
-0.00013338634744286537, 0.3793637752532959, 0.0, False 
-0.0003599447663873434, 0.37936437129974365, 0.0, False 
-0.00030229869298636913, 0.3793641924858093, 0.0, False 
-0.0003163025248795748, 0.3793640732765198, 0.0, False 
-0.00038326485082507133, 0.3793641924858093, 0.0, False 
-0.00032398803159594536, 0.3793641924858093, 0.0, False 
-0.0005203038454055786, 0.3793644905090332, 0.0, False 
-0.0001891166903078556, 0.37936311960220337, 0.0, False 
-0.00047684134915471077, 0.37936311960220337, 0.0, False 
-0.0001568719744682312, 0.3793628215789795, 0.0, False 
-0.0003024935722351074, 0.3793635368347168, 0.0, False 
-0.0005090311169624329, 0.3793635368347168, 0.0, False 
-0.0003836113028228283, 0.3793635368347168, 0.0, False 
-0.0001395938452333212, 0.3793628215789795, 0.0, False 
-0.00013718986883759499, 0.3793628215789795, 0.0, False 
-0.0005020610988140106, 0.37936609983444214, 0.0, False 
-0.0003633557353168726, 0.3793640732765198, 0.0, False 
-0.00018654298037290573, 0.3793647885322571, 0.0, False 
-0.00016588391736149788, 0.37936508655548096, 0.0, False 
-0.0003550357650965452, 0.3793641924858093, 0.0, False 
-0.0003084398340433836, 0.3793641924858093, 0.0, False 
-0.0001871094573289156, 0.3793641924858093, 0.0, False 
-0.0004716734401881695, 0.3793641924858093, 0.0, False 
-0.0003445951733738184, 0.3793641924858093, 0.0, False 
-0.00048629147931933403, 0.37936508655548096, 0.0, False 
-0.0002106113824993372, 0.37936514616012573, 0.0, False 
-0.0003381180576980114, 0.37936437129974365, 0.0, False 
-0.00019780942238867283, 0.37936514616012573, 0.0, False 
-0.00014922418631613255, 0.37936288118362427, 0.0, False 
-0.00016436795704066753, 0.3793647885322571, 0.0, False 
-0.00046914839185774326, 0.379363477230072, 0.0, False 
-0.00017628096975386143, 0.37936240434646606, 0.0, False 
-0.00043052644468843937, 0.37936192750930786, 0.0, False 
-0.0001527504064142704, 0.3793632388114929, 0.0, False 
-0.00044490466825664043, 0.3793632388114929, 0.0, False 
-0.0004476560279726982, 0.379361093044281, 0.0, False 
-0.00015669339336454868, 0.3793632984161377, 0.0, False 
-0.00010197749361395836, 0.37936168909072876, 0.0, False 
-0.00012428546324372292, 0.37936127185821533, 0.0, False 
-0.00041753402911126614, 0.37936168909072876, 0.0, False 
-0.00043944106437265873, 0.37936240434646606, 0.0, False 
-0.00013251160271465778, 0.37936240434646606, 0.0, False 
-0.00027069798670709133, 0.37936240434646606, 0.0, False 
-0.00010294141247868538, 0.3793613314628601, 0.0, False 
-0.00022810534574091434, 0.37936192750930786, 0.0, False 
-0.00023445626720786095, 0.3793621063232422, 0.0, False 
-0.00010851281695067883, 0.3793613314628601, 0.0, False 
-0.00024153734557330608, 0.37936192750930786, 0.0, False 
-0.00030387123115360737, 0.3793621063232422, 0.0, False 
-0.00040454952977597713, 0.37936294078826904, 0.0, False 
-0.00013193197082728148, 0.37936294078826904, 0.0, False 
-0.0001134014455601573, 0.37936365604400635, 0.0, False 
-0.00038277695421129465, 0.3793630599975586, 0.0, False 
-0.00022824190091341734, 0.37936341762542725, 0.0, False 
-0.00012858444824814796, 0.3793650269508362, 0.0, False 
-0.0002456866204738617, 0.3793637156486511, 0.0, False 
-0.00010871922131627798, 0.3793652057647705, 0.0, False 
-0.0003721473040059209, 0.37936151027679443, 0.0, False 
-0.00010313442908227444, 0.37936341762542725, 0.0, False 
-0.0003523564664646983, 0.37936413288116455, 0.0, False 
-8.58289422467351e-05, 0.3793628215789795, 0.0, False 
-0.00035338744055479765, 0.37936413288116455, 0.0, False 
-6.836687680333853e-05, 0.3793628215789795, 0.0, False 
-0.00033283920492976904, 0.3793628215789795, 0.0, False 
-0.00022988056298345327, 0.37936341762542725, 0.0, False 
-7.191719487309456e-05, 0.3793628215789795, 0.0, False 
-5.88555121794343e-05, 0.37936413288116455, 0.0, False 
-4.356133285909891e-05, 0.3793628215789795, 0.0, False 
-0.00028466410003602505, 0.37936103343963623, 0.0, False 
-0.00016036606393754482, 0.3793630599975586, 0.0, False 
-4.677253309637308e-05, 0.37936246395111084, 0.0, False 
-5.498295649886131e-05, 0.3793632388114929, 0.0, False 
-0.0003007710911333561, 0.3793632388114929, 0.0, False 
-0.00021427276078611612, 0.3793632388114929, 0.0, False 
-7.448869291692972e-05, 0.37936413288116455, 0.0, False 
-4.5695225708186626e-05, 0.3793635368347168, 0.0, False 
-0.0002723835641518235, 0.3793611526489258, 0.0, False 
-0.00014400039799511433, 0.3793632388114929, 0.0, False 
-0.00019010831601917744, 0.3793632388114929, 0.0, False 
-3.937829751521349e-05, 0.37936294078826904, 0.0, False 
-0.00019176886416971684, 0.3793625831604004, 0.0, False 
-5.7050143368542194e-05, 0.3793642520904541, 0.0, False 
-6.254017353057861e-05, 0.37936365604400635, 0.0, False 
-1.778861042112112e-05, 0.3793623447418213, 0.0, False 
-0.0002534665400162339, 0.3793620467185974, 0.0, False 
-0.0002650690730661154, 0.3793630599975586, 0.0, False 
-0.00017722672782838345, 0.3793630599975586, 0.0, False 
-0.00013664341531693935, 0.3793630599975586, 0.0, False 
-1.8790364265441895e-05, 0.37936413288116455, 0.0, False 
-0.00011031655594706535, 0.3793635368347168, 0.0, False 
-0.0001625525765120983, 0.3793637156486511, 0.0, False 
-5.103170406073332e-05, 0.37936776876449585, 0.0, False 
-2.8753303922712803e-05, 0.3793647289276123, 0.0, False 
-0.00012540968600660563, 0.3793647289276123, 0.0, False 
-0.00022191822063177824, 0.37936341762542725, 0.0, False 
-0.0002202985342592001, 0.3793638348579407, 0.0, False 
-1.8252292647957802e-05, 0.3793654441833496, 0.0, False 
-9.810319170355797e-07, 0.3793627619743347, 0.0, False 
3.0251801945269108e-05, 0.3793656826019287, 0.0, False 
1.0634888894855976e-05, 0.37936604022979736, 0.0, False 
-7.741234730929136e-05, 0.3793647289276123, 0.0, False 
-0.00019834295380860567, 0.3793625831604004, 0.0, False 
2.679182216525078e-06, 0.379366397857666, 0.0, False 
-0.0001983599504455924, 0.37936514616012573, 0.0, False 
-0.00020239758305251598, 0.3793647289276123, 0.0, False 
1.3025477528572083e-05, 0.3793654441833496, 0.0, False 
-0.0001665059244260192, 0.3793657422065735, 0.0, False 
4.24837926402688e-05, 0.3793650269508362, 0.0, False 
-0.00016535655595362186, 0.3793650269508362, 0.0, False 
-0.00017066521104425192, 0.3793652057647705, 0.0, False 
3.2695941627025604e-05, 0.3793652057647705, 0.0, False 
3.100896719843149e-05, 0.3793652057647705, 0.0, False 
-0.00017768365796655416, 0.37936609983444214, 0.0, False 
-0.00017431145533919334, 0.3793652057647705, 0.0, False 
-0.00010328460484743118, 0.3793652057647705, 0.0, False 
6.335205398499966e-05, 0.3793650269508362, 0.0, False 
-2.811348531395197e-05, 0.37936484813690186, 0.0, False 
-3.2129581086337566e-05, 0.37936484813690186, 0.0, False 
-0.0001583894481882453, 0.3793650269508362, 0.0, False 
4.192872438579798e-05, 0.3793650269508362, 0.0, False 
6.4073596149683e-05, 0.3793650269508362, 0.0, False 
4.669383633881807e-05, 0.37936609983444214, 0.0, False 
-5.921407137066126e-05, 0.3793655037879944, 0.0, False 
4.551501478999853e-05, 0.3793655037879944, 0.0, False 
-6.964756175875664e-05, 0.37936538457870483, 0.0, False 
8.145160973072052e-05, 0.37936389446258545, 0.0, False 
-0.00010810792446136475, 0.3793644309043884, 0.0, False 
-4.2892759665846825e-05, 0.3793647289276123, 0.0, False 
-4.6776607632637024e-05, 0.3793647289276123, 0.0, False 
-1.3955286704003811e-05, 0.37936484813690186, 0.0, False 
8.088268805295229e-05, 0.3793657422065735, 0.0, False 
-9.986897930502892e-05, 0.37936413288116455, 0.0, False 
6.419711280614138e-05, 0.37936651706695557, 0.0, False 
-7.29953171685338e-05, 0.37936413288116455, 0.0, False 
0.00010092242155224085, 0.37936484813690186, 0.0, False 
-7.7570672146976e-05, 0.3793657422065735, 0.0, False 
1.4013727195560932e-05, 0.3793650269508362, 0.0, False 
9.818270336836576e-05, 0.3793650269508362, 0.0, False 
9.197276085615158e-05, 0.3793650269508362, 0.0, False 
-8.737319149076939e-05, 0.3793650269508362, 0.0, False 
0.00012280221562832594, 0.3793650269508362, 0.0, False 
-5.7039433158934116e-05, 0.3793650269508362, 0.0, False 
5.882233381271362e-06, 0.3793650269508362, 0.0, False 
0.00011135335080325603, 0.3793666958808899, 0.0, False 
-6.134842988103628e-05, 0.3793637156486511, 0.0, False 
-5.765794776380062e-05, 0.37936609983444214, 0.0, False 
0.000107963802292943, 0.3793647885322571, 0.0, False 
-3.226043190807104e-05, 0.37936389446258545, 0.0, False 
0.00013509450946003199, 0.3793644309043884, 0.0, False 
0.0001317773712798953, 0.3793650269508362, 0.0, False 
0.00012912345118820667, 0.37936413288116455, 0.0, False 
-4.061975050717592e-05, 0.3793657422065735, 0.0, False 
0.00012556742876768112, 0.3793650269508362, 0.0, False 
7.052905857563019e-05, 0.3793655037879944, 0.0, False 
0.00011855224147439003, 0.37936651706695557, 0.0, False 
0.00014281761832535267, 0.3793674111366272, 0.0, False 
0.00013362057507038116, 0.37936776876449585, 0.0, False 
6.555928848683834e-05, 0.3793671727180481, 0.0, False 
5.8346311561763287e-05, 0.3793671727180481, 0.0, False 
7.692724466323853e-07, 0.3793655037879944, 0.0, False 
0.00015708990395069122, 0.37936609983444214, 0.0, False 
8.398969657719135e-05, 0.3793666958808899, 0.0, False 
0.0001642225543037057, 0.3793666958808899, 0.0, False 
1.6958918422460556e-05, 0.3793666958808899, 0.0, False 
7.085909601300955e-05, 0.3793666958808899, 0.0, False 
6.84752594679594e-05, 0.37936651706695557, 0.0, False 
6.890390068292618e-06, 0.3793661594390869, 0.0, False 
0.00018431083299219608, 0.37936604022979736, 0.0, False 
3.753462806344032e-05, 0.37936604022979736, 0.0, False 
0.0001160984393209219, 0.37936586141586304, 0.0, False 
0.00018557708244770765, 0.3793655037879944, 0.0, False 
0.00017872662283480167, 0.3793655037879944, 0.0, False 
4.236726090312004e-05, 0.3793655037879944, 0.0, False 
0.00011436163913458586, 0.3793652057647705, 0.0, False 
0.00018443202134221792, 0.3793652057647705, 0.0, False 
0.0001159406965598464, 0.3793652057647705, 0.0, False 
4.203000571578741e-05, 0.37936341762542725, 0.0, False 
8.912140037864447e-05, 0.3793647289276123, 0.0, False 
0.00017816387116909027, 0.3793644309043884, 0.0, False 
0.0001132916659116745, 0.3793650269508362, 0.0, False 
0.00019983516540378332, 0.3793666958808899, 0.0, False 
6.191316060721874e-05, 0.37936609983444214, 0.0, False 
0.00013531174045056105, 0.3793652057647705, 0.0, False 
0.00011036160867661238, 0.3793650269508362, 0.0, False 
6.0511985793709755e-05, 0.3793647289276123, 0.0, False 
0.0001315954141318798, 0.37936484813690186, 0.0, False 
0.00018856418319046497, 0.37936484813690186, 0.0, False 
5.576957482844591e-05, 0.37936484813690186, 0.0, False 
0.000103360740467906, 0.37936484813690186, 0.0, False 
0.00019042158965021372, 0.3793671727180481, 0.0, False 
8.05974705144763e-05, 0.37936586141586304, 0.0, False 
7.59762478992343e-05, 0.37936675548553467, 0.0, False 
0.000207067234441638, 0.37936705350875854, 0.0, False 
0.00020420551300048828, 0.3793681263923645, 0.0, False 
0.0001431591808795929, 0.37936681509017944, 0.0, False 
9.581912308931351e-05, 0.37936651706695557, 0.0, False 
8.620577864348888e-05, 0.37936651706695557, 0.0, False 
0.00021587335504591465, 0.37936651706695557, 0.0, False 
0.0002182554453611374, 0.3793666958808899, 0.0, False 
8.67591006681323e-05, 0.37936580181121826, 0.0, False 
0.00023534218780696392, 0.37936413288116455, 0.0, False 
0.00011352298315614462, 0.3793661594390869, 0.0, False 
0.00017603859305381775, 0.3793661594390869, 0.0, False 
0.00015304447151720524, 0.3793661594390869, 0.0, False 
0.00017552438657730818, 0.3793661594390869, 0.0, False 
0.00010197085794061422, 0.37936604022979736, 0.0, False 
0.00022095348685979843, 0.37936604022979736, 0.0, False 
0.0002318939659744501, 0.37936675548553467, 0.0, False 
0.00017097475938498974, 0.3793661594390869, 0.0, False 
0.00021814520005136728, 0.37936604022979736, 0.0, False 
0.00012755580246448517, 0.37936675548553467, 0.0, False 
0.0002477444941177964, 0.3793654441833496, 0.0, False 
0.00011651159729808569, 0.37936675548553467, 0.0, False 
0.00012519233860075474, 0.3793654441833496, 0.0, False 
0.00019081414211541414, 0.37937092781066895, 0.0, False 
0.00011483754497021437, 0.3793674111366272, 0.0, False 
0.00022751279175281525, 0.37936681509017944, 0.0, False 
0.0002395112533122301, 0.37936848402023315, 0.0, False 
0.00023862789385020733, 0.3793673515319824, 0.0, False 
0.00023575383238494396, 0.37936896085739136, 0.0, False 
0.00012795557267963886, 0.37936675548553467, 0.0, False 
0.00025677343364804983, 0.3793656826019287, 0.0, False 
0.0001504872925579548, 0.37936609983444214, 0.0, False 
0.0001420124899595976, 0.3793674111366272, 0.0, False 
0.00025525595992803574, 0.37936609983444214, 0.0, False 
0.00018301059026271105, 0.37936633825302124, 0.0, False 
0.0002657659351825714, 0.3793647289276123, 0.0, False 
0.00019692821661010385, 0.37936586141586304, 0.0, False 
0.00019457488087937236, 0.3793656826019287, 0.0, False 
0.0002511096536181867, 0.3793664574623108, 0.0, False 
0.0001893565058708191, 0.3793655037879944, 0.0, False 
0.00020872615277767181, 0.3793655037879944, 0.0, False 
0.00026910501765087247, 0.37936538457870483, 0.0, False 
0.00022416311549022794, 0.37936538457870483, 0.0, False 
0.00016821373719722033, 0.37936580181121826, 0.0, False 
0.00026689370861276984, 0.3793628215789795, 0.0, False 
0.00026534160133451223, 0.37936484813690186, 0.0, False 
0.00021922995802015066, 0.37936484813690186, 0.0, False 
0.00028076133457943797, 0.3793630599975586, 0.0, False 
0.0002370234578847885, 0.37936437129974365, 0.0, False 
0.0001847362145781517, 0.37936514616012573, 0.0, False 
0.00021733250468969345, 0.379364550113678, 0.0, False 
0.00021658692276105285, 0.3793641924858093, 0.0, False 
0.00018896785331889987, 0.379363477230072, 0.0, False 
0.0001836470328271389, 0.37936508655548096, 0.0, False 
0.00027097773272544146, 0.37936437129974365, 0.0, False 
0.00020569964544847608, 0.3793647885322571, 0.0, False 
0.00023362255888059735, 0.3793641924858093, 0.0, False 
0.00019050424452871084, 0.3793676495552063, 0.0, False 
0.0002968842163681984, 0.379363477230072, 0.0, False 
0.00020534556824713945, 0.3793655037879944, 0.0, False 
0.0002017809310927987, 0.379366397857666, 0.0, False 
0.0002344396780245006, 0.3793656826019287, 0.0, False 
0.0002841974492184818, 0.37936586141586304, 0.0, False 
0.0003047431819140911, 0.37936586141586304, 0.0, False 
0.00021865521557629108, 0.37936586141586304, 0.0, False 
0.0003027635393664241, 0.37936586141586304, 0.0, False 
0.0002907119342125952, 0.3793661594390869, 0.0, False 
0.0003055877168662846, 0.37936705350875854, 0.0, False 
0.00029684952460229397, 0.37936437129974365, 0.0, False 
0.00021695345640182495, 0.3793656826019287, 0.0, False 
0.0002485285513103008, 0.3793656826019287, 0.0, False 
0.0002485293080098927, 0.3793655037879944, 0.0, False 
0.00021912396186962724, 0.3793647885322571, 0.0, False 
0.0003166081733070314, 0.37936538457870483, 0.0, False 
0.0002767700352706015, 0.37936538457870483, 0.0, False 
0.00027502328157424927, 0.3793656826019287, 0.0, False 
0.0002593497629277408, 0.3793655037879944, 0.0, False 
0.00030930223874747753, 0.3793652057647705, 0.0, False 
0.00023163785226643085, 0.3793652057647705, 0.0, False 
0.0002338648191653192, 0.3793652057647705, 0.0, False 
0.00030858477111905813, 0.3793652057647705, 0.0, False 
0.00025725417071953416, 0.37936538457870483, 0.0, False 
0.00022961280774325132, 0.37936538457870483, 0.0, False 
0.000306537258438766, 0.37936538457870483, 0.0, False 
0.00024292018497362733, 0.37936413288116455, 0.0, False 
0.0002875900827348232, 0.3793647289276123, 0.0, False 
0.00023741525365039706, 0.3793647289276123, 0.0, False 
0.000268228177446872, 0.3793647289276123, 0.0, False 
0.0002829842269420624, 0.37936437129974365, 0.0, False 
0.0002434426569379866, 0.3793627619743347, 0.0, False 
0.00028097955510020256, 0.3793640732765198, 0.0, False 
0.00031305960146710277, 0.3793641924858093, 0.0, False 
0.0003144380170851946, 0.379363477230072, 0.0, False 
0.00023975013755261898, 0.3793647885322571, 0.0, False 
0.00032508024014532566, 0.37936437129974365, 0.0, False 
0.0002925287699326873, 0.37936437129974365, 0.0, False 
0.00031763716833665967, 0.3793640732765198, 0.0, False 
0.00027363403933122754, 0.37936437129974365, 0.0, False 
0.00024476542603224516, 0.37936437129974365, 0.0, False 
0.00032535125501453876, 0.37936675548553467, 0.0, False 
0.00025206361897289753, 0.37936484813690186, 0.0, False 
0.0002803646493703127, 0.37936484813690186, 0.0, False 
0.00032033055322244763, 0.37936484813690186, 0.0, False 
0.00025348260533064604, 0.37936413288116455, 0.0, False 
0.0002782170195132494, 0.3793647289276123, 0.0, False 
0.00032279116567224264, 0.379364550113678, 0.0, False 
0.00032362027559429407, 0.3793654441833496, 0.0, False 
0.00025682360865175724, 0.3793647289276123, 0.0, False 
0.0002567664487287402, 0.3793650269508362, 0.0, False 
0.0002815973712131381, 0.3793650269508362, 0.0, False 
0.0003165947273373604, 0.37936609983444214, 0.0, False 
0.0003321674885228276, 0.37936538457870483, 0.0, False 
0.0003269932931289077, 0.3793652057647705, 0.0, False 
0.0002619503065943718, 0.3793652057647705, 0.0, False 
0.0002607154892757535, 0.3793652057647705, 0.0, False 
0.0003288078005425632, 0.3793652057647705, 0.0, False 
0.0002614986151456833, 0.3793644309043884, 0.0, False 
0.00033180793980136514, 0.37936341762542725, 0.0, False 
0.00028512877179309726, 0.3793647289276123, 0.0, False 
0.00029127136804163456, 0.3793652057647705, 0.0, False 
0.00030851562041789293, 0.37936586141586304, 0.0, False 
0.0002962176804430783, 0.3793656826019287, 0.0, False 
0.00034318387042731047, 0.3793655037879944, 0.0, False 
0.0003098046872764826, 0.3793655037879944, 0.0, False 
0.0002700728946365416, 0.37936538457870483, 0.0, False 
0.0003359275870025158, 0.3793644905090332, 0.0, False 
0.0003313660272397101, 0.3793652057647705, 0.0, False 
0.00027517828857526183, 0.3793644309043884, 0.0, False 
0.00029537867521867156, 0.3793650269508362, 0.0, False 
0.0003306975122541189, 0.37936413288116455, 0.0, False 
0.0002710168482735753, 0.37936651706695557, 0.0, False 
0.00034143973607569933, 0.3793652057647705, 0.0, False 
0.0002759525668807328, 0.3793652057647705, 0.0, False 
0.0003354836371727288, 0.3793644309043884, 0.0, False 
0.00033865758450701833, 0.3793650269508362, 0.0, False 
0.0003100585308857262, 0.3793650269508362, 0.0, False 
0.0003397588152438402, 0.37936538457870483, 0.0, False 
0.00028598925564438105, 0.3793637156486511, 0.0, False 
0.00030617351876571774, 0.3793650269508362, 0.0, False 
0.00033379520755261183, 0.3793647885322571, 0.0, False 
0.00031109031988307834, 0.37936538457870483, 0.0, False 
0.0003448661882430315, 0.3793641924858093, 0.0, False 
0.00028409226797521114, 0.3793655037879944, 0.0, False 
0.00031687901355326176, 0.37936538457870483, 0.0, False 
0.00033990200608968735, 0.37936538457870483, 0.0, False 
0.0003452064120210707, 0.3793656826019287, 0.0, False 
0.00032580934930592775, 0.37937062978744507, 0.0, False 
0.0003407086478546262, 0.3793666958808899, 0.0, False 
0.00028460531029850245, 0.37936580181121826, 0.0, False 
0.0003049342194572091, 0.37936651706695557, 0.0, False 
0.00028820271836593747, 0.37936681509017944, 0.0, False 
0.0003466217312961817, 0.37936609983444214, 0.0, False 
0.00034076650626957417, 0.37936580181121826, 0.0, False 
0.0003206684486940503, 0.37936651706695557, 0.0, False 
0.000320620893035084, 0.37936586141586304, 0.0, False 
0.0003104154602624476, 0.37936586141586304, 0.0, False 
0.00033749884460121393, 0.37936586141586304, 0.0, False 
0.00028970983112230897, 0.37936508655548096, 0.0, False 
0.0002868457813747227, 0.3793655037879944, 0.0, False 
0.00033829844323918223, 0.37936389446258545, 0.0, False 
0.00029672228265553713, 0.37936681509017944, 0.0, False 
0.00034750846680253744, 0.3793655037879944, 0.0, False 
0.00028918642783537507, 0.3793647885322571, 0.0, False 
0.00031990784918889403, 0.37936538457870483, 0.0, False 
0.0003391973441466689, 0.37936586141586304, 0.0, False 
0.00033514975802972913, 0.37936586141586304, 0.0, False 
0.00034093973226845264, 0.37936675548553467, 0.0, False 
0.0003433992387726903, 0.37936514616012573, 0.0, False 
0.0002897466765716672, 0.37936586141586304, 0.0, False 
0.00031801097793504596, 0.37936586141586304, 0.0, False 
0.0002938847756013274, 0.379367470741272, 0.0, False 
0.0003142561763525009, 0.3793661594390869, 0.0, False 
0.00031050079269334674, 0.3793661594390869, 0.0, False 
0.00029324134811758995, 0.3793661594390869, 0.0, False 
0.0003433650708757341, 0.3793661594390869, 0.0, False 
0.0002950615016743541, 0.3793654441833496, 0.0, False 
0.0002907317830249667, 0.37936604022979736, 0.0, False 
0.0003440060536377132, 0.379363477230072, 0.0, False 
0.00032255041878670454, 0.3793693780899048, 0.0, False 
0.0003385870950296521, 0.3793637752532959, 0.0, False 
0.0002950188936665654, 0.37936240434646606, 0.0, False 
0.0002933296491391957, 0.3793650269508362, 0.0, False 
0.0003113957936875522, 0.3793650269508362, 0.0, False 
0.00034232420148327947, 0.3793644309043884, 0.0, False 
0.00031753984512761235, 0.3793650269508362, 0.0, False 
0.0003160917549394071, 0.3793650269508362, 0.0, False 
0.0003002100274898112, 0.3793650269508362, 0.0, False 
0.0002970437053591013, 0.37936341762542725, 0.0, False 
0.0003468314534984529, 0.3793638348579407, 0.0, False 
0.0003137564635835588, 0.3793641924858093, 0.0, False 
0.0002966555184684694, 0.37936288118362427, 0.0, False 
0.00031237624352797866, 0.3793641924858093, 0.0, False 
0.0003109643585048616, 0.379364550113678, 0.0, False 
0.00028833147371187806, 0.379363477230072, 0.0, False 
0.0003322845441289246, 0.379363477230072, 0.0, False 
0.000294683501124382, 0.3793640732765198, 0.0, False 
0.00031045451760292053, 0.3793640732765198, 0.0, False 
0.0003293486079201102, 0.3793647885322571, 0.0, False 
0.0003388769109733403, 0.3793640732765198, 0.0, False 
0.0003386430907994509, 0.3793640732765198, 0.0, False 
0.00029269122751429677, 0.37936151027679443, 0.0, False 
0.00030941865406930447, 0.3793635368347168, 0.0, False 
0.00030469318153336644, 0.3793641924858093, 0.0, False 
0.00033421849366277456, 0.379363477230072, 0.0, False 
0.0002900916733779013, 0.3793647885322571, 0.0, False 
0.0003062225878238678, 0.3793640732765198, 0.0, False 
